0,4,184,4,1
0,5,77,4,2
0,7,77,4,3
0,8,272,4,4
0,11,136,4,5
0,12,106,4,6
0,14,320,4,7
0,16,48,4,8
0,19,213,4,9
0,21,301,4,10
0,22,184,4,11
0,24,106,4,12
1,0,77,4,13
1,3,77,4,14
1,8,408,4,15
1,9,204,4,16
1,10,116,4,17
1,11,204,4,18
1,13,77,4,19
1,15,320,4,20
1,19,320,4,21
1,22,282,4,22
2,0,106,4,23
2,1,155,4,24
2,3,106,4,25
2,10,155,4,26
2,15,437,4,27
2,18,106,4,28
2,19,437,4,29
2,23,486,4,30
3,0,48,4,31
3,5,77,4,32
3,6,48,4,33
3,8,272,4,34
3,15,213,4,35
3,16,48,4,36
3,17,136,4,37
3,24,106,4,38
4,1,282,4,39
4,2,379,4,40
4,3,184,4,41
4,6,184,4,42
4,10,282,4,43
4,11,476,4,44
4,15,768,4,45
4,16,184,4,46
4,18,184,4,47
4,20,184,4,48
4,21,1050,4,49
4,24,379,4,50
5,1,116,4,51
5,2,155,4,52
5,4,282,4,53
5,7,116,4,54
5,11,204,4,55
5,12,155,4,56
5,14,486,4,57
5,15,320,4,58
5,16,77,4,59
5,17,204,4,60
5,18,77,4,61
5,19,320,4,62
5,20,77,4,63
5,21,447,4,64
6,0,48,4,65
6,1,77,4,66
6,2,106,4,67
6,5,77,4,68
6,8,272,4,69
6,11,136,4,70
6,12,106,4,71
6,13,48,4,72
6,14,320,4,73
6,16,48,4,74
6,18,48,4,75
6,19,213,4,76
6,24,106,4,77
7,1,116,4,78
7,2,155,4,79
7,3,77,4,80
7,4,282,4,81
7,6,77,4,82
7,8,408,4,83
7,10,116,4,84
7,11,204,4,85
7,12,155,4,86
7,13,77,4,87
7,14,486,4,88
7,15,320,4,89
7,18,77,4,90
7,19,320,4,91
7,21,447,4,92
7,22,282,4,93
8,2,544,4,94
8,4,953,4,95
8,5,408,4,96
8,10,408,4,97
8,12,544,4,98
8,13,272,4,99
8,19,1098,4,100
8,21,1507,4,101
8,22,953,4,102
8,23,1235,4,103
8,24,544,4,104
9,0,136,4,105
9,2,272,4,106
9,3,136,4,107
9,4,476,4,108
9,5,204,4,109
9,6,136,4,110
9,7,204,4,111
9,8,680,4,112
9,10,204,4,113
9,13,136,4,114
9,14,816,4,115
9,16,136,4,116
9,17,340,4,117
9,20,136,4,118
9,21,748,4,119
9,22,476,4,120
10,0,77,4,121
10,3,77,4,122
10,5,116,4,123
10,6,77,4,124
10,14,486,4, 125
10,15,320,4,126
10,18,77,4,127
10,20,77,4,128
10,21,447,4,129
10,22,282,4,130
10,23,369,4,131
11,2,272,4,132
11,3,136,4,133
11,8,680,4,134
11,9,340,4,135
11,10,204,4,136
11,13,136,4,137
11,14,816,4,138
11,15,544,4,139
11,16,136,4,140
11,17,340,4,141
11,24,272,4,142
12,1,155,4,143
12,2,213,4,144
12,3,106,4,145
12,4,379,4,146
12,9,272,4,147
12,10,155,4,148
12,11,272,4,149
12,15,437,4,150